Derek Stepan,0.666509,0.104422,0.069539,0.026793,0.046415,0.034331,0.051991
Nicklas Backstrom,0.395543,0.162255,0.109652,0.065366,0.085349,0.091305,0.090531
T.J. Oshie,0.313853,0.330756,0.116132,0.031841,0.069955,0.058265,0.079199
Troy Brouwer,0.104467,0.147178,0.236333,0.106090,0.192600,0.048018,0.165313
Mikhail Grabovski,0.254017,0.297288,0.158973,0.032454,0.085365,0.055960,0.115942
B.J. Crombeen,0.064392,0.119654,0.115475,0.263506,0.134083,0.179547,0.123342
Matt D'Agostini,0.041892,0.104844,0.158672,0.101800,0.232662,0.112757,0.247373
Brad Marchand,0.349067,0.246827,0.122600,0.053007,0.078768,0.063334,0.086397
Dale Weise,0.037114,0.067280,0.150869,0.243883,0.276654,0.037836,0.186364
Eric Tangradi,0.046351,0.086961,0.172824,0.133089,0.273621,0.053268,0.233886
Nazem Kadri,0.064422,0.122621,0.253870,0.065276,0.206076,0.052084,0.235650
Ben Eager,0.072898,0.119255,0.163557,0.248848,0.169641,0.064523,0.161278
Milan Lucic,0.067218,0.111424,0.208050,0.150895,0.240911,0.046182,0.175320
Michael Grabner,0.068441,0.150199,0.099766,0.048206,0.088089,0.443673,0.101626
Patric Hornqvist,0.243070,0.305411,0.197428,0.031559,0.084427,0.033025,0.105080
Dave Bolland,0.047951,0.183120,0.092843,0.045329,0.082585,0.456898,0.091274
David Perron,0.053240,0.768590,0.061976,0.014336,0.033311,0.028342,0.040205
Nigel Dawes,0.085932,0.202276,0.354857,0.027144,0.116941,0.029713,0.183137
Daniel Winnik,0.047293,0.128438,0.120659,0.069304,0.147551,0.338433,0.148323
Rick Rypien,0.037236,0.068822,0.106253,0.463643,0.150021,0.050172,0.123853
Bobby Butler,0.046038,0.106379,0.252705,0.037956,0.183624,0.038087,0.335211
Mike Blunden,0.097502,0.120207,0.153420,0.184371,0.181599,0.101946,0.160955
Scottie Upshall,0.226734,0.177128,0.205224,0.078900,0.131146,0.046524,0.134343
Logan Couture,0.768407,0.091592,0.043139,0.013643,0.026578,0.024872,0.031768
Ben Smith,0.468576,0.142676,0.112744,0.048644,0.080308,0.058032,0.089021
Blake Wheeler,0.047632,0.731395,0.067267,0.015942,0.039573,0.049432,0.048759
Benn Ferriero,0.124596,0.140099,0.163865,0.133284,0.161080,0.114781,0.162294
Michael Frolik,0.074080,0.116918,0.080679,0.064094,0.078363,0.504697,0.081170
Brayden Schenn,0.063252,0.100720,0.217165,0.122439,0.252579,0.046130,0.197716
Peter Regin,0.043619,0.085941,0.062500,0.043876,0.063128,0.633875,0.067061
Jordan Caron,0.041806,0.079850,0.199714,0.063360,0.263577,0.039259,0.312436
John Tavares,0.598298,0.130159,0.074110,0.032478,0.051787,0.054472,0.058697
David Krejci,0.395872,0.290070,0.119979,0.023773,0.060369,0.034714,0.075225
Mike Santorelli,0.038712,0.097418,0.048523,0.023010,0.041485,0.704406,0.046446
Magnus Paajarvi,0.065913,0.124988,0.291228,0.043120,0.170239,0.037631,0.266883
Jay Beagle,0.045949,0.084166,0.189918,0.093296,0.273430,0.051496,0.261746
Lars Eller,0.048346,0.203657,0.184340,0.071285,0.171130,0.131483,0.189760
Marcus Johansson,0.277064,0.346267,0.119482,0.028675,0.069573,0.068119,0.090819
Patrick O'Sullivan,0.092878,0.241379,0.250459,0.038278,0.128897,0.048321,0.199787
Cal O'Reilly,0.076747,0.179025,0.092799,0.038121,0.076042,0.445457,0.091809
Jacob Josefson,0.045635,0.101718,0.190007,0.059022,0.224313,0.064116,0.315189
Kyle Brodziak,0.046698,0.231817,0.226353,0.032301,0.151540,0.064526,0.246766
Steve Downie,0.112624,0.153745,0.122892,0.215917,0.121655,0.159886,0.113280
Dwight King,0.026797,0.079741,0.179936,0.040245,0.270694,0.045238,0.357349
Tim Jackman,0.013652,0.025505,0.036780,0.807943,0.054820,0.020182,0.041118
Drew Stafford,0.051945,0.535139,0.114241,0.026263,0.073416,0.104790,0.094208
Jeff Taffe,0.043570,0.082587,0.178295,0.089101,0.279284,0.052429,0.274734
Loui Eriksson,0.719737,0.102063,0.052724,0.019127,0.034180,0.032124,0.040045
Cody McLeod,0.021098,0.038023,0.048784,0.742179,0.067701,0.031374,0.050841
Patrick Kaleta,0.060958,0.089219,0.148356,0.325313,0.182728,0.050473,0.142952
Claude Giroux,0.101356,0.390605,0.103919,0.033507,0.073687,0.210137,0.086790
Matt Calvert,0.022562,0.066908,0.463987,0.028717,0.190099,0.015424,0.212304
Petteri Nokelainen,0.025550,0.072510,0.154713,0.055286,0.317184,0.048450,0.326307
Blake Comeau,0.101670,0.356491,0.165394,0.056670,0.118195,0.086375,0.115206
Eric Fehr,0.144857,0.459886,0.160367,0.023379,0.069825,0.041779,0.099907
Matt Frattin,0.108744,0.142090,0.265204,0.062715,0.190601,0.043491,0.187155
Bryan Bickell,0.067575,0.187560,0.215320,0.079052,0.210611,0.070814,0.169068
Jamie McGinn,0.036001,0.085294,0.140299,0.168463,0.289245,0.078939,0.201758
Rob Schremp,0.072400,0.127486,0.068914,0.038908,0.060088,0.565934,0.066269
Drayson Bowman,0.022240,0.067483,0.317885,0.019041,0.199213,0.019168,0.354970
Nick Bonino,0.055253,0.149891,0.099844,0.044037,0.092573,0.448269,0.110133
Jiri Tlusty,0.058408,0.118591,0.238356,0.049888,0.192263,0.044645,0.297850
David Desharnais,0.396678,0.272341,0.092403,0.030301,0.059259,0.077488,0.071529
Tyler Seguin,0.398313,0.228826,0.129171,0.032182,0.071870,0.049075,0.090563
Jeff Tambellini,0.039718,0.090560,0.310822,0.037927,0.219503,0.026218,0.275252
Jordan Eberle,0.882112,0.047768,0.023542,0.006608,0.013593,0.009947,0.016431
Ryan Callahan,0.094443,0.142004,0.164514,0.165982,0.185806,0.097347,0.149903
Jordan Staal,0.084642,0.140103,0.084216,0.065437,0.078370,0.468116,0.079116
Kyle Turris,0.059972,0.244421,0.239313,0.031786,0.130056,0.062755,0.231698
Mats Zuccarello,0.128923,0.191160,0.262353,0.056809,0.154467,0.043141,0.163146
Evander Kane,0.286825,0.193072,0.158690,0.073712,0.113952,0.061839,0.111911
Travis Zajac,0.848017,0.062535,0.027548,0.008974,0.017102,0.015804,0.020020
Ryan Shannon,0.044034,0.093423,0.072646,0.050678,0.075498,0.583273,0.080448
Brandon Dubinsky,0.208276,0.220476,0.211815,0.062481,0.125882,0.044596,0.126475
Ryan Potulny,0.077052,0.428565,0.186848,0.028063,0.091951,0.052672,0.134848
Tyler Ennis,0.319197,0.340028,0.096972,0.029100,0.060140,0.081433,0.073130
Tyler Bozak,0.097687,0.153420,0.091956,0.063965,0.084712,0.422218,0.086043
Jeff Skinner,0.074555,0.135178,0.072562,0.045418,0.062946,0.541445,0.067897
Nikolai Kulemin,0.476245,0.191204,0.128014,0.027454,0.066028,0.032602,0.078453
Jared Boll,0.035354,0.059041,0.085845,0.568212,0.114097,0.044107,0.093344
Patrik Berglund,0.133584,0.274486,0.109705,0.048831,0.085558,0.256225,0.091610
Derick Brassard,0.056296,0.365638,0.153762,0.045578,0.121427,0.122625,0.134675
Jesse Joensuu,0.043038,0.082290,0.204033,0.108081,0.275254,0.041305,0.245998
Mattias Tedenby,0.081003,0.125465,0.206922,0.087145,0.198248,0.060960,0.240258
Niclas Bergfors,0.197429,0.233183,0.213288,0.037479,0.108739,0.051875,0.158006
Peter Mueller,0.110950,0.498680,0.146217,0.022343,0.070296,0.048254,0.103261
Bobby Ryan,0.393327,0.215394,0.117512,0.054170,0.078623,0.059377,0.081597
Anthony Stewart,0.048267,0.491050,0.170300,0.031135,0.098038,0.046902,0.114309
Kyle Palmieri,0.107782,0.155073,0.329935,0.036697,0.142149,0.032216,0.196148
Taylor Hall,0.481457,0.146824,0.098392,0.052824,0.072864,0.068320,0.079318
Tom Pyatt,0.055043,0.138649,0.196439,0.058386,0.193023,0.101819,0.256641
Vladimir Sobotka,0.029729,0.063447,0.156155,0.099914,0.386355,0.036867,0.227534
Guillaume Latendresse,0.104390,0.159407,0.258173,0.062647,0.181036,0.052412,0.181936
Jonathan Toews,0.379431,0.211076,0.097541,0.048457,0.071175,0.114008,0.078313
Trevor Lewis,0.031008,0.080071,0.167410,0.051400,0.296872,0.052274,0.320964
Devin Setoguchi,0.098814,0.147794,0.324149,0.045043,0.166411,0.034156,0.183632
Clarke MacArthur,0.041367,0.254426,0.338671,0.024427,0.112084,0.029585,0.199440
Mathieu Perreault,0.084563,0.222943,0.330098,0.029168,0.114913,0.034223,0.184092
Chris Thorburn,0.050394,0.114733,0.111274,0.165510,0.142148,0.286726,0.129215
Tomas Kopecky,0.037104,0.122289,0.237901,0.039934,0.202141,0.050441,0.310189
Anze Kopitar,0.526792,0.155818,0.083077,0.037528,0.059439,0.071688,0.065658
Andreas Nodl,0.014627,0.043789,0.247336,0.017785,0.313735,0.014213,0.348516
Andrei Loktionov,0.059418,0.138104,0.192005,0.058952,0.185795,0.099157,0.266568
Mason Raymond,0.357562,0.320112,0.121455,0.026463,0.060697,0.037899,0.075812
Benoit Pouliot,0.112034,0.201980,0.309997,0.049096,0.133749,0.035438,0.157706
Matt Martin,0.081193,0.118252,0.126390,0.243173,0.152560,0.147766,0.130665
Daniel Carcillo,0.063080,0.096127,0.101914,0.426305,0.118209,0.093433,0.100932
James Sheppard,0.038237,0.096672,0.143939,0.127295,0.254998,0.117101,0.221758
Brian Boyle,0.043875,0.093949,0.149319,0.175829,0.246405,0.097469,0.193155
Frazer McLaren,0.059042,0.097632,0.160543,0.199924,0.214143,0.066932,0.201784
David Clarkson,0.100279,0.130598,0.163877,0.259238,0.156451,0.055927,0.133629
Derek MacKenzie,0.051757,0.105765,0.220717,0.051119,0.217294,0.049439,0.303911
Bill Thomas,0.042854,0.086560,0.269419,0.039931,0.201273,0.031171,0.328792
Colin Fraser,0.034491,0.120136,0.219091,0.048316,0.216612,0.051649,0.309706
Cory Emmerton,0.047547,0.101551,0.202485,0.059894,0.223421,0.062034,0.303068
Wayne Simmonds,0.025165,0.077257,0.309162,0.055041,0.302219,0.020251,0.210904
James van Riemsdyk,0.025188,0.884949,0.033108,0.006025,0.016281,0.013359,0.021091
Zach Boychuk,0.042268,0.078632,0.228597,0.062735,0.308733,0.033590,0.245445
Sean Bergenheim,0.086075,0.129392,0.105390,0.113413,0.111376,0.346523,0.107832
Artem Anisimov,0.081843,0.448589,0.109387,0.029272,0.073901,0.166262,0.090746
Sam Gagner,0.185985,0.480210,0.118451,0.024620,0.061196,0.047555,0.081984
P.A. Parenteau,0.369799,0.224873,0.105332,0.058372,0.076350,0.085071,0.080203
David Steckel,0.046050,0.117127,0.112826,0.076269,0.139626,0.370888,0.137213
Ryan O'Reilly,0.130132,0.197752,0.093121,0.047452,0.075847,0.372123,0.083573
Dana Tyrell,0.035829,0.074574,0.196449,0.051706,0.268072,0.035574,0.337796
Kyle Chipchura,0.044054,0.118442,0.145888,0.138196,0.201124,0.157785,0.194512
David Booth,0.120183,0.260943,0.248791,0.058399,0.136340,0.042226,0.133119
Nick Foligno,0.048205,0.309883,0.202029,0.055970,0.153167,0.070338,0.160409
Liam Reddox,0.070843,0.104822,0.172978,0.161759,0.231413,0.065015,0.193171
Jean-Francois Jacques,0.043352,0.068679,0.102824,0.484262,0.146163,0.047282,0.107439
Kyle Okposo,0.177737,0.518145,0.088759,0.024571,0.053517,0.072315,0.064956
Brandon McMillan,0.063513,0.105536,0.201523,0.086050,0.225455,0.054972,0.262951
Drew Miller,0.022953,0.055181,0.204736,0.029605,0.263017,0.023250,0.401259
Frans Nielsen,0.100736,0.137691,0.103494,0.086886,0.101488,0.365320,0.104386
Patrick Kane,0.485399,0.148835,0.097632,0.046731,0.071025,0.070865,0.079513
Colin Wilson,0.133504,0.231627,0.280518,0.032180,0.112630,0.036804,0.172737
Sergei Kostitsyn,0.055708,0.158718,0.272245,0.032005,0.151376,0.043022,0.286926
Eric Nystrom,0.025491,0.081008,0.167342,0.071285,0.334924,0.054905,0.265045
James Wright,0.028368,0.069410,0.152199,0.107063,0.322128,0.045280,0.275552
Rod Pelley,0.035963,0.095059,0.149468,0.095244,0.279415,0.103386,0.241465
Jakub Voracek,0.108262,0.568935,0.096476,0.022584,0.056713,0.073883,0.073147
Marcus Kruger,0.058102,0.157716,0.217207,0.053699,0.174136,0.070778,0.268362
Martin Hanzal,0.068379,0.155644,0.123767,0.175789,0.138268,0.218413,0.119739
Matt Duchene,0.073876,0.438588,0.186638,0.023225,0.087139,0.055781,0.134752
T.J. Galiardi,0.049643,0.212826,0.111592,0.040346,0.098144,0.378314,0.109136
Andrei Kostitsyn,0.098794,0.301877,0.254463,0.041342,0.129304,0.040252,0.133968
Zack Stortini,0.027878,0.048067,0.070209,0.646743,0.096732,0.033621,0.076751
Paul Bissonnette,0.047160,0.075313,0.131164,0.348883,0.195321,0.051253,0.150906
Phil Kessel,0.590771,0.136689,0.087704,0.027458,0.053419,0.038959,0.065000
Andrew Cogliano,0.023517,0.063643,0.044672,0.026793,0.046253,0.746104,0.049017
Jake Dowell,0.196183,0.168444,0.167737,0.123455,0.135248,0.073970,0.134963
Paul Stastny,0.283244,0.203610,0.107331,0.063680,0.084870,0.165729,0.091536
Darroll Powe,0.031187,0.066069,0.155856,0.112962,0.386653,0.038019,0.209254
Dustin Boyd,0.015531,0.057795,0.211414,0.015460,0.155503,0.018659,0.525637
Brandon Sutter,0.034378,0.160480,0.242127,0.029792,0.169642,0.053343,0.310238
Mikkel Boedker,0.047338,0.121546,0.364721,0.027335,0.158742,0.025822,0.254495
Cal Clutterbuck,0.078064,0.113877,0.152965,0.217990,0.193814,0.089627,0.153662
Evgeni Malkin,0.369045,0.163569,0.117166,0.078963,0.091446,0.084051,0.095761
Matt Halischuk,0.095933,0.261858,0.187123,0.041740,0.126353,0.102733,0.184260
Mikael Backlund,0.038257,0.080489,0.055243,0.034399,0.053445,0.680008,0.058159
Zack Smith,0.035496,0.062806,0.075386,0.587057,0.098769,0.060675,0.079811
Philippe Dupuis,0.058580,0.109397,0.093937,0.099062,0.107157,0.429636,0.102231
Colton Gillies,0.055192,0.113350,0.127739,0.155414,0.178837,0.214134,0.155333
Ryane Clowe,0.173016,0.220870,0.140764,0.130121,0.117463,0.106780,0.110986
Valtteri Filppula,0.157177,0.385146,0.100005,0.035718,0.068778,0.171888,0.081287
Chris Conner,0.088846,0.132760,0.261900,0.052813,0.176550,0.049102,0.238029
Tim Kennedy,0.061467,0.099194,0.178479,0.122429,0.259895,0.062851,0.215684
Colton Orr,0.067489,0.096853,0.122777,0.363464,0.143011,0.078609,0.127797
Luke Adam,0.072333,0.111464,0.207524,0.097305,0.217235,0.055780,0.238360
Steven Stamkos,0.453420,0.148144,0.106974,0.060131,0.079743,0.066635,0.084954
Joel Perrault,0.161798,0.172887,0.241575,0.046845,0.137672,0.049560,0.189663
Maxim Lapierre,0.043195,0.102886,0.133163,0.202324,0.216886,0.137647,0.163899
Nate Thompson,0.024829,0.107415,0.198214,0.035688,0.281235,0.050577,0.302042
Lauri Korpikoski,0.092616,0.176106,0.342022,0.032174,0.134149,0.031316,0.191617
Brandon Prust,0.058556,0.113834,0.108240,0.366623,0.125849,0.120432,0.106466
Gilbert Brule,0.122151,0.218051,0.285582,0.047905,0.142140,0.036222,0.147949
Kris Versteeg,0.134107,0.498089,0.128406,0.025467,0.066273,0.056875,0.090784
Jannik Hansen,0.031959,0.076971,0.321164,0.030794,0.190840,0.023952,0.324320
Wojtek Wolski,0.748387,0.090583,0.051056,0.016555,0.031555,0.024146,0.037718
Ryan White,0.071284,0.094142,0.116534,0.387916,0.138081,0.073434,0.118608
Zac Dalpe,0.053740,0.102379,0.253517,0.046436,0.220839,0.038830,0.284259
Mike Brown,0.104439,0.128663,0.159501,0.171908,0.167606,0.106574,0.161309
John McCarthy,0.054968,0.094813,0.168528,0.164155,0.233018,0.062391,0.222126
Dustin Jeffrey,0.114792,0.239352,0.262859,0.033797,0.118213,0.048892,0.182095
Shawn Matthias,0.026111,0.067864,0.217314,0.028606,0.221872,0.025924,0.412308
Justin Abdelkader,0.048999,0.084503,0.157354,0.210080,0.259851,0.056430,0.182783
Cody Hodgson,0.308715,0.333408,0.100542,0.032115,0.063271,0.085446,0.076503
Max Pacioretty,0.207620,0.221418,0.183211,0.080706,0.123031,0.061223,0.122791
Chris Stewart,0.552890,0.132297,0.098573,0.040917,0.064423,0.039614,0.071286
Tim Brent,0.080169,0.109703,0.160333,0.177614,0.207676,0.085614,0.178890
Daniel Paille,0.044250,0.145678,0.151068,0.055131,0.170959,0.235307,0.197607
Kyle Clifford,0.057068,0.098843,0.151796,0.268247,0.211193,0.062864,0.149989
Josh Bailey,0.020112,0.045986,0.029425,0.019885,0.028745,0.825371,0.030477
Jamie Benn,0.447908,0.162712,0.114323,0.055608,0.081154,0.054656,0.083639
Blair Jones,0.052379,0.103004,0.210395,0.059621,0.219719,0.053026,0.301856
Nick Spaling,0.039947,0.130683,0.209184,0.039364,0.186913,0.065487,0.328422
Kevin Porter,0.020771,0.050136,0.288415,0.027523,0.315963,0.016100,0.281092
Nathan Gerbe,0.083332,0.231931,0.349653,0.028782,0.109014,0.029805,0.167482
Tom Sestito,0.113782,0.124061,0.134977,0.259171,0.141401,0.097163,0.129444
Joe Pavelski,0.869670,0.051634,0.027407,0.007421,0.015407,0.010099,0.018362
David Jones,0.278285,0.183508,0.185637,0.050939,0.115552,0.053455,0.132625
James Neal,0.108637,0.293678,0.169361,0.078802,0.131784,0.095653,0.122085
Adam Henrique,0.083134,0.187070,0.234650,0.055022,0.157356,0.076508,0.206261
Joe Colborne,0.053674,0.089079,0.164740,0.155972,0.258682,0.061346,0.216508
D.J. King,0.073363,0.102374,0.134020,0.313480,0.157207,0.077177,0.142378
Darren Helm,0.042823,0.098119,0.204022,0.073870,0.314835,0.048933,0.217398
Jack Skille,0.089098,0.130364,0.225896,0.077071,0.205789,0.058870,0.212912
Torrey Mitchell,0.040399,0.104798,0.069465,0.045892,0.068281,0.599158,0.072007
Marc Pouliot,0.048298,0.233704,0.215969,0.047007,0.163936,0.080192,0.210895
Tom Wandell,0.082861,0.135024,0.132143,0.112531,0.141093,0.253965,0.142382
Derek Dorsett,0.053319,0.087507,0.094274,0.459959,0.115909,0.091993,0.097038
Bryan Little,0.075568,0.118285,0.085510,0.068816,0.084263,0.480353,0.087204
Teddy Purcell,0.044848,0.125606,0.106394,0.050703,0.112164,0.431378,0.128907
T.J. Hensick,0.122104,0.156118,0.206650,0.070728,0.167533,0.070586,0.206282
Tommy Wingels,0.048315,0.109813,0.163410,0.159823,0.265415,0.077727,0.175497
Tomas Fleischmann,0.706435,0.113940,0.062262,0.016584,0.034922,0.022864,0.042993
Tyler Kennedy,0.055879,0.110188,0.359774,0.037670,0.166056,0.027265,0.243169
David Backes,0.123066,0.154001,0.157786,0.190880,0.156872,0.084952,0.132443
Matt Beleskey,0.038303,0.077861,0.177381,0.169917,0.299066,0.035416,0.202056
